[353.3951956647629, 237.30162493228136]
[410.57921263185244, -630.9853504135456]
[-646.9184156739782, 751.9549028011563]
[-126.98682130861448, 435.43885499979183]
[671.3812055836081, 114.99724097548392]
[743.1998999406669, 725.5333408103463]
[746.0987758433384, -754.5093192248041]
[358.68225043136295, 209.97975789258498]
[679.621234271089, 501.9963963141088]
[390.91945335294736, -886.9395142624828]
[-503.2867767511637, 789.2402355140232]
[-175.07402144874493, 159.22914642446563]
[-336.6225673783747, 226.10089213904803]
[495.7633590977491, 100.23947270701069]
[-476.4287156518441, 832.6493643814088]
[449.32709496836924, -319.2818880287364]
[-889.9140978296107, 139.99768375439135]
[861.6565745431881, 657.7151286554588]
[499.75336047184396, -534.2149288504927]
[418.7236241188243, -247.14831267450347]
[-707.9505785809223, 840.8167649014329]
[7.933756267785611, 206.22886945854884]
[859.8428865490519, 311.8291555735741]
[102.03353475562744, 439.877613016296]
[-868.0212876964615, -15.283397847099081]
[-21.297891160225845, -153.04842047848274]
[381.05361680077294, -872.2623502249069]
[397.120487664502, 365.0125061275355]
[511.6156706620134, -772.9239758991325]
[440.54121542128087, 508.0301889716998]
[-790.9404789750787, 803.540593053385]
[-686.1447266919514, 756.9149209979232]
[-603.4345315176738, 503.73936944037905]
[727.6028926871943, 950.7393932268533]
[437.14792096313363, 191.62446618874833]
[-890.3492423564824, 908.0129255692921]
[777.4418496328944, -14.17136034244345]
[-230.91589127045086, -654.0893284390097]
[-371.1057711597423, -530.0624841899253]
[175.15674418904905, 942.4219280402683]
[665.5901180859091, 357.9277050415385]
[-856.1210260886348, 571.9294922970982]
[609.252377996557, -278.03586340646643]
[-797.2254771034903, 789.0448953377058]
[-771.572772489775, 899.84722951198]
[706.1062597762761, -703.3771717973902]
[-917.9048971542658, 405.64858959481285]
[780.3582018229556, 85.78355059501814]
[313.36454865393443, 509.136497692748]
[420.8106528882572, 728.5275727542328]
[633.6178884535273, 924.7604060246288]
[-216.90343088769055, 425.16868917807096]
[90.63418763913774, 835.6210353917522]
[-75.03951165851925, -414.53219235139284]
[350.0026576417231, -118.51073222879302]
[662.6215056951637, 479.70484120930087]
[4.533911934258185, 907.5556235326114]
[-979.3586770378184, 491.1840387281809]
[284.0237150799835, 116.47648327600427]
[-737.9370033846981, 798.6465288219076]
[130.3025883128587, -315.7398879953637]
[773.7142736813755, 662.7610819869262]
[601.7110874961488, -636.3771140993273]
[-279.0541911746867, 178.82726041346177]
[903.3103003276815, 351.98340755312756]
[-277.8557011219309, 946.485437061754]
[475.6038547647995, -82.26205946139987]
[-287.0323563405053, 293.03324703223393]
[632.9997910697714, -493.3252981659252]
[-794.9680304089311, 973.1041594134281]
[223.5130069984425, 982.0672266336774]
[411.33499879665965, 50.74594805913807]
[206.64478763110424, 327.756486660134]
[-150.59075443784627, -240.2869076748724]
[-14.375321927021332, 970.1610679831842]
[-975.3191447429318, 66.02492023588093]
[347.60324506294705, -814.5761547117982]
[292.45748079887153, 929.347469979499]
[28.822304562056615, 221.27070371179184]
[137.56186585678938, -768.3397054826152]
[-644.776782222376, 514.6582969097469]
[398.8602308655004, 869.9487720880438]
[306.8076164764452, 689.5842724525041]
[217.65693451751326, -922.530300269159]
[337.6527061361676, 382.9820492893243]
[-464.5598190835635, 278.4551744236087]
[811.4039001130118, -236.9022058933091]
[350.1198006898255, -164.1406182211001]
[-441.13926423055614, 695.6798261388544]
[-585.7531136348599, -134.71422352672903]
[801.867624589619, 306.57195401312174]
[418.90222370337415, 88.32127752146039]
[-332.85345907584383, 140.82751106152864]
[-193.87620977387473, 132.52203957051393]
[-524.2363311149907, -182.82763428447936]
[-170.82335024991266, 333.4426232778119]
[-18.437945691881055, 536.2346324673404]
[-70.88701741014893, -651.1276877935059]
[-66.30855061500392, 256.68501035805366]
[-498.04204640904356, -335.1068107968646]
[232.42133156222076, 365.3059784992747]
[-32.76231189511509, -374.26766053548647]
[723.1364293324677, 379.82903229530416]
[965.5127302623437, -464.39065868746263]
[-808.9370820263096, 989.0973313226066]
[1.6376668394389071, -9.340277660296238]
[37.839741590149515, -88.79491985607785]
[-378.5342478066432, -534.5564880930526]
[668.386944264965, 265.6836098160659]
[273.06283325037225, 673.320023619214]
[625.6896137199171, 602.7311655734504]
[685.6041645403814, 533.9936056700642]
[-994.6610649932711, 8.458916281688744]
[-631.371874152503, 327.9344211693558]
[379.11427667887983, 368.11656010748857]
[182.28115768058456, -345.29649217120937]
[337.95146910324365, -603.9691946322898]
[750.5219001915943, -835.5355380792874]
[-663.0865591624472, 653.7527416174639]
[-536.5512795460849, 127.51168096458264]
[658.7717959150193, -634.9225615807613]
[-657.819566495901, 859.1381022193161]
[-107.72702763301947, -369.3071286006584]
[445.77001408349633, 358.0130219574253]
[-452.05131222718273, 199.64642347484778]
[-39.05748139610046, 136.43972107208424]
[648.0030021950397, -235.30770310513265]
[-927.8226539686964, 954.0027047729297]
[622.4489255787762, 590.474315708585]
[497.69834212249543, -61.07031916720189]
[-57.84222644895681, -701.8513087995334]
[-541.2872999913395, -483.2973639322937]
[-833.6463312867022, 615.0148953183689]
[-421.5733897279075, -319.80667884528884]
[646.5107706598071, 872.731177510135]
[-51.732766059461824, 134.84610696219875]
[-265.37202049743837, -511.3034816122546]
[-421.10496497832276, -357.1127943757476]
[-9.69267888663876, 307.85800928256276]
[451.23167765915764, -616.0244712905264]
[845.157464939479, -384.0516795696865]
[-62.82284343651963, 804.4626257604466]
[46.051960642114864, -911.3306230394545]
[648.4546687684374, 517.0714360498778]
[-172.5526213043388, 175.47199225282816]
[-112.93411512850707, 651.4477580457583]
[573.3278120032605, 200.97255980599925]
[-406.60223634635145, 184.40585802809755]
[868.3722348983993, -488.48084815539653]
[-917.5601799541055, 5.832381826098981]
[705.1220414281277, 152.47943012896963]
[-760.1510289654384, 881.3473552546423]
[697.1151187794956, -461.6580249503452]
[-531.5409380190945, 240.30391000551685]
[-288.1021788298366, 383.2225104480974]
[-70.21709382150152, 849.8817499479062]
[-52.31576746850942, 316.132245499462]
[-891.8345386393614, 883.9777056628359]
[-123.8095238057183, -749.0626017965562]
[713.3295501447831, -540.3234699635786]
[-54.797297464623966, 302.48599863382424]
[426.7223359791385, 344.0629249623478]
[96.84833932977654, -817.8825049038012]
[-41.948179485251444, -210.53310997117137]
[-366.6142507015296, 140.28177049312967]
[-823.4319676641406, 836.11583191109]
[-190.02098498957594, 107.99910112115595]
[-18.9481376433298, 64.18591284743411]
[-500.2102835816464, 410.7567934289382]
[650.9587013340031, 787.2768048573039]
[497.1569469833894, -768.0731818394524]
[-83.83542574051637, 171.21092781607945]
[-551.3068662514859, -156.703252335735]
[-195.10669930093172, 865.6853043688477]
[-851.5007083042797, 948.1930643383766]
[314.2074035386411, -781.740912443274]
[653.5858205312036, -67.66430222891336]
[-146.14074457082165, 902.631150929478]
[-88.24936433533117, 404.4851372273404]
[-21.238439753631496, -878.3077172161104]
[-606.4244597131313, 547.3787607123381]
[539.1350428948356, -384.23089374985125]
[-908.3049212393527, 863.7275108519366]
[-55.50354308975329, -743.7053258125088]
[80.51081362859713, 848.9029680916872]
[885.7316616490275, 586.9582758890515]
[130.57401562199834, 983.5254172643024]
[-498.8707124396879, 142.52722087175334]
[-28.785791163595263, -247.44828923419095]
[-292.92283929007556, 927.1520443635338]
[91.10123345896614, -6.5591124268365775]
[-509.28070047246416, -120.61391749406698]
[-788.342175832784, 174.18054082753065]
[22.64048799640466, -860.9588146315541]
[486.7695664542582, -319.16231775734093]
[89.42150139908972, 919.7507297839982]
[-727.437911034977, 895.8633529243284]
[-548.8088347597968, 495.99944826979004]
[709.2377847158789, 664.54117741034]
[86.02167966668526, 492.12838388046293]
[-459.5672203915875, -494.48204195156575]
[-448.93326945055753, 118.62518937493314]
[337.06997557233854, -719.3084426772434]
[-323.85057045564145, -437.19368322045364]
[409.1210494121715, -478.0033243239227]
[-451.53341088414163, -147.32086041683328]
[-716.6276374481638, 655.8426220029794]
[-502.41654965896214, 555.7023164678697]
[871.5228060834893, -448.01207931120393]
[276.2878314079792, 958.6778652784274]
[906.416159752587, -699.040812034995]
[-239.71928404861478, 795.055885433238]
[-91.20103968204569, -831.8495255923779]
[85.25736366487945, 984.6127583520326]
[351.7144127868337, 206.8096953246104]
[47.33629188017153, 236.40788518668433]
[-773.6813507656042, 511.86298528825364]
[604.8624128720041, 128.40619575564529]
[-79.52235387863107, 663.5621388923269]
[-325.0007430673994, 140.31679657398467]
[-530.3755764505495, -202.34642999432253]
[346.238489990523, -730.456013974324]
[459.25991446717785, -295.49846341772036]
[597.8899336493016, -409.95516605009925]
[451.5070365731958, 575.9845137496814]
[961.4401277850927, -418.62056203832674]
[-385.6374240580069, -536.3219800471013]
[-8.61976259609935, 261.6527156116272]
[-17.16289764025828, 659.7710949192667]
[906.6536450989443, 315.48173707510114]
[-79.27538413193872, -432.9688033158857]
[603.2261785164264, 568.1594082072918]
[125.2922923692322, -344.52637296323667]
[-205.20097272396083, 134.6133536156858]
[-510.7740966743211, 204.8795353848618]
[-502.9435508053139, 520.8202738571874]
[346.60696904825886, 273.3716835326911]
[26.957628846215812, -517.8197702910637]
[-587.5873828861197, 443.4859945880587]
[-103.74835474675888, -472.94884051007966]
[622.5134214965103, 558.0142394353986]
[928.4133397473952, 885.7945966630593]
[485.2443150461729, -638.2312328666328]
[239.96744635868254, 974.564294191048]
[-448.73950532010247, -194.79766206160048]
[-956.6599782375033, 762.0056998656748]
[-543.7339803534326, 718.3303346874338]
[-839.1464772012619, -61.72363639838943]
[484.64774836381457, 982.012851270061]
[-291.3439447997022, -541.3057996577207]
[-848.0680050410618, 891.9599937211253]
[500.679803511033, -969.9630359521092]
[986.5896060731759, -476.8846975421168]
[618.4455769114104, -727.48201173353]
[794.0116664217178, -368.7910859787546]
[898.7067209321394, 166.07783570274182]
[637.5779117074719, -746.4360221674918]
[626.0902579233484, -872.7565137090639]
[-114.6423255709135, -492.19097915742935]
[565.8271233162138, -804.1894717680451]
[456.0052849833437, 155.1763497871516]
[994.4091267472897, 886.8855097406854]
[-752.8755896045883, 923.3450143521302]
[664.5664627113231, 577.4170382997634]
[736.7971020621355, -792.8127372574644]
[311.4450393491418, 886.5310171582294]
[922.5178035710057, -851.3672323865219]
[670.8900590229916, 661.7534188596567]
[26.84973950843232, 166.80724431431486]
[352.1579706982641, -579.9670445727902]
[658.6883182954971, 83.19661508017089]
[-377.0156705350986, 433.1934936418779]
[160.29470978242216, 468.84588619544434]
[-50.514705884594946, -542.4602868077645]
[-6.700452215617702, -141.71846737777844]
[225.08652744445726, 256.08377149984403]
[-759.8287306907425, 911.4245017674]
[-592.0847790755413, 206.8159796682669]
[-547.5350654909535, -190.29276952426505]
[-227.55109927978833, 641.257005136162]
[869.7243388377585, -365.79713355838044]
[-756.3842673947345, 958.0275256710829]
[-918.7020285286435, 51.427557695725454]
[545.6808091624882, -157.26985317946196]
[964.527955911175, -114.5272636162922]
[791.27909361925, -617.9185761704919]
[-542.9967955088487, -7.788044798998385]
[-282.8592668474148, -760.6492658697582]
[-48.98935402427526, -141.4791608973394]
[-388.85832094586794, -494.35607372291247]
[306.48109550741765, 369.1348043748774]
[609.712877689266, -216.45758312711473]
[169.3388686429064, 263.16587263412544]
[-710.5912316025313, 928.9012881449253]
[974.404059641088, -168.79566596572363]
[632.6136268617042, 607.4326436098615]
[779.5144169855805, -529.1411197792297]
[593.9913181842126, 309.95334146980576]
[-532.4463499927765, 597.3831266042464]
[782.4017575586884, -9.14300014359651]
[-650.513100476905, 232.99693960188802]
[-40.079632670021624, -851.894652587611]
[-695.2404148719385, 386.18533847404274]
[781.2992535566336, -83.2554803082594]
[160.60584594217494, -216.03713179497527]
[-857.848406628286, 554.1073521857584]
[714.1197013377821, -385.2120099152048]
[621.4165031031623, -372.25415914312975]
[-64.51652006139773, -161.33407103076513]
[-189.89327135997803, -715.336552550122]
[185.19113403374968, 847.3919345147372]
[-235.72036059917184, 813.1164062929652]
[-126.02274386738486, -693.8870229933661]
[-508.33733887287815, 976.680250530509]
[-370.2356034787399, -693.8184747791489]
[554.2637382656451, -883.4904821833748]
[-419.0205893782987, 175.1902302941753]
[752.8919506982254, 349.9891049196958]
[-543.8232915379925, 518.4354781932373]
[612.0750429563607, 498.22015889191675]
[169.43928784878062, -350.0682078037464]
[-736.0826769907083, 766.1960075056231]
[113.18631451482679, 234.84672720291383]
[-281.29609775334677, 820.9763681076877]
[779.67575045326, 720.8771691620018]
[-216.65267006779902, 908.5963966895642]
[-861.0846271161556, 640.7031360301953]
[-146.326582420053, -444.84352932950435]
[235.09674908418515, 72.75595153676932]
[-41.272715331237805, -373.4121653138884]
[440.9830760433424, -371.7642135448607]
[-246.77220273084595, 167.1562983308413]
[-18.469036885285504, -715.7786463995627]
[601.1475935330791, 34.683015287029775]
[594.6898503989253, -332.7316793882576]
[-265.20868770942707, 219.85120969586706]
[56.54800984095755, -933.1345017962052]
[336.6550692723579, 960.5445326491547]
[-842.4202144510521, 821.5207713001832]
[871.2930439207339, 359.97229882957276]
[789.9247942976622, 819.1304776763045]
[761.7251700448426, 372.7978835053573]
[-581.9657476979875, -161.6133376115165]
[578.7048816970014, -413.8877989591937]
[986.7123151121614, -1.72783648132895]
[800.4770727540008, -331.3391964886207]
[-73.88509646992384, -332.73726892818024]
[487.1236049580075, -517.9812399910395]
[668.0442771218679, 9.586007216087182]
[876.8623753726076, -401.9845058701525]
[-291.30272615613796, 923.5096184978713]
[-3.727469791574322, 245.15893195325748]
[-787.8529973611733, 843.2458649216562]
[-841.5280955072155, 994.4233868621109]
[-750.1171471268184, 172.05836942111955]
[717.3791966236984, -703.1835800661663]
[-322.3570264833445, 715.508108811131]
[652.7418462924318, 498.46286992515616]
[-268.9127002575258, 459.31474684316777]
[-503.76909743495065, 881.0802632985822]
[11.115463907799494, -985.9280105406516]
[950.8744491170364, -980.2182380556588]
[159.60179153924832, 910.1137038068932]
[633.9927864500819, 642.9682488169328]
[-555.9431509222138, 180.80800421462413]
[-1.4288971721283588, -612.4688249205888]
[474.7248154892493, 170.8642359714654]
[-461.8708823574193, 949.960021575452]
[-847.1885767613518, 147.38828150775248]
[566.3156289992226, 385.1610150284839]
[72.56318494486368, -987.9850226259358]
[-643.7875409288392, 650.9990495920481]
[-983.2798894195566, 744.2454628046623]
[495.7147080850882, -107.23285249940147]
[-251.01181290417776, 939.4802452310073]
[387.4083804430818, -824.9805253922868]
[-72.66134661866624, -12.717745794985603]
[-719.9583249947892, 317.59266492215215]
[760.8116181074633, -585.3613052946852]
[67.44636659755702, 129.8916425450841]
[-319.83671997362853, 38.93002337683333]
[-562.0993060122768, -136.62107515138814]
[699.6535900670083, -5.166205841365127]
[-769.2694939586474, 536.3291491145167]
[633.1829012706148, -242.83060899183704]
[358.4541350708121, 592.8926776327892]
[-104.95963024333878, -200.15702350427932]
[-183.1715949906802, 989.2527936599167]
[708.9534064306295, -890.3422182019957]
[356.532107000256, 175.55376074815558]
[-57.955875123901365, -939.6978091649131]
[-459.97593871894696, 818.0510955905734]
[14.357068569793569, -989.8435753790545]
[-555.7548865251167, 841.9230002143572]
[-742.4602516167074, 317.80234649061185]
[-840.5224638152572, 988.5466487444792]
[307.28086120993, 835.8416519603161]
[-567.8568926002062, 992.1312868499292]
[364.7770857544008, 601.7906889809169]
[-213.22412991076476, 220.5792231929281]
[-325.40967772187935, 946.5106821070904]
[-47.661179645520065, 59.05896724403851]
[-50.702662059603995, -457.717660534218]
[-612.1216299213737, 127.32861319099106]
[-452.9962109197644, -314.09054235628946]
[740.292149366305, -292.083560001451]
[666.7791365923574, -295.20264570664995]
[-125.35005359636739, -363.1102157394628]
[81.86228182771856, -752.918634330566]
[449.4458739602551, 121.41810509424113]
[-502.9976517901014, 857.041429689214]
[10.14605109259162, -327.58017857270625]
[-400.54312916728384, -207.49250884521973]
[577.9789806947847, 950.8665448864449]
[627.8130839059754, 380.2427531879416]
[-96.37207570472992, -544.3706197358721]
[-392.15294717723214, 250.907751366311]
[336.9567637939831, 370.35756192182293]
[-613.2380395741932, 431.0295028325645]
[461.6338358704468, -351.5744035245323]
[225.9588150892871, 142.27943141047876]
[-220.98283048996484, -414.5970855558197]
[362.2062483262391, -195.63021545307924]
[-708.8820403937556, 160.1823185930598]
[-7.945628325319603, -579.1226756838591]
[66.0787814960047, -889.0262142321905]
[137.1999251716236, 9.823319254705666]
[-593.8223994299262, 166.30656249235267]
[630.8701958494598, 363.4235071985938]
[-822.1449690946043, 928.1587995443472]
[620.3137548656737, -38.858225205709914]
[-567.8015777135299, -64.46145883511201]
[42.89113528140115, -788.3223531491117]
[645.0431448773516, 949.6814691231132]
[-126.8575999525558, 883.4458321832642]
[-36.12343232385331, 809.8338408549412]
[-168.5962423487315, 984.2738284817217]
[917.6459915272969, 989.3126212156742]
[254.23026682368027, 134.01914410936]
[243.27708262825377, 904.0249353635938]
[483.1197063001248, -830.6973805386767]
[783.1495924143669, -648.2806327754997]
[-386.2734765637557, 321.4533953667433]
[-472.9390645338457, 115.95387970387537]
[16.169085636262707, 95.67049128661506]
[478.48078134865864, 143.7034553228459]
[-578.40489808641, 898.7518139884769]
[151.9065452866423, 191.6099792978789]
[-593.1950339485296, 117.46797262631549]
[-54.473810539322585, 353.1732371716148]
[851.6858284963757, -550.8114141917175]
[909.7720537554192, -360.08226552419717]
[732.2791031013633, -439.6582103846937]
[-152.2886974708657, 113.13199181387267]
[272.600287554186, -300.3732143002842]
[637.9545238328267, -143.74183405116196]
[316.39607060059234, -615.4751117453893]
[267.16635702201575, 348.0180058137196]
[-258.3486799817815, 719.7228086311668]
[-148.5984573031642, 475.44014771220054]
[737.568056475571, -417.9720207788057]
[69.49837843537989, 138.10949365689953]
[475.06194336614817, 334.0055642664072]
[544.3546066137392, -403.48258871854057]
[-142.67158125390313, -392.28685318689327]
[-300.3949064494086, 237.4086167669293]
[-822.450204606017, 837.8357346682312]
[726.9381352058899, -811.8175777790478]
[-18.56167899592333, 867.8448704291177]
[81.99860698199791, 171.33245187186208]
[926.3610064710069, -583.2958685575672]
[-643.4894769736468, 553.6118042557853]
[-796.820863071754, 898.4704047554922]
[-119.25541216079057, 203.30945737633851]
[705.7441663805907, 247.95778192555167]
[-77.68721439829835, -172.93620030834404]
[851.235089341177, -384.45869034749467]
[669.0617848090094, -822.9587999129963]
[313.20206579988894, 987.0366559230397]
[-893.4101342687228, 823.4083711573371]
[-270.313976794779, 329.6050628550877]
[946.6897478273638, 607.8793138064664]
[528.8649696606894, 950.0116842449031]
[-47.0497947788848, -480.10902793240916]
[398.6932209502522, 750.8400713835015]
[956.065438810095, -942.7177205614827]
[-304.48254570034203, 132.54903330531783]
[613.7744285313511, -843.3449123651858]
[652.9032856060355, -738.2219052317431]
[-123.78002439490547, 491.2038683998228]
[-625.5792889187339, 355.4193327759233]
[-796.647587710568, 439.380651923173]
[-421.9776654749835, 408.1783976306315]
[-37.782328413132745, 42.30851590386351]
[-530.8557982047757, -149.95833140115053]
[782.5033753490629, -691.409411873201]
[-550.5497183613459, 518.0844355060331]
[749.1362668773354, -300.2319501764124]
[-307.4902778736157, 143.42684885030098]
[-938.4298853492334, 388.89483941741037]
[477.89744262997806, 158.8389387406994]
[-463.29856892140265, 383.5476814563733]
[449.14413469862325, -114.59610127103747]
[-483.71380949745435, 156.71885126150664]
[-101.1414122567719, 875.0220130517087]
[-88.82797800726848, -444.5094901042073]
[563.1402050003999, -147.08055028508238]
[-939.8797805189696, 151.25227699847915]
[-586.7328892163696, -29.108005744860748]
[-544.9813162454512, -337.2588639145432]
[559.6895125688682, 984.7416114632956]
[-508.3123176187721, 811.3872963005822]
[-94.90368401659293, -568.3587815611829]
[327.1068034847983, -64.53664922640382]
[738.0485534798609, -321.0676756084422]
[-454.0063429173906, 843.8790236941923]
[298.25091468804544, -721.8494216597353]
[681.5972327964487, -549.0497241510413]
[-384.8358146829419, 906.790738154172]
[-224.9189836780787, 378.2130963853747]
[417.16690062212, 900.8260778201864]
[-290.79033432489973, 541.8066736095248]
[963.1678921978687, 385.01566516200114]
[-747.6983250742198, 271.03141198868207]
[-267.52788683830295, 212.73113682236522]
[-598.0688765548418, -384.0024672712407]
[674.4052122746887, -228.755825320579]
[755.7555496450782, -727.2609577138892]
[-281.62402648570776, 778.4180922344951]
[645.4241172738705, -802.5501713354327]
[677.7178316670697, 158.44486335062106]
[228.29130726236667, -948.7306907618704]
[408.71059878305573, -187.69718732872764]
[404.8564022925484, 939.0029084392272]
[-172.97853020490038, -777.6313827670442]
[-744.2593762026823, 511.7293826305065]
[-545.6171772477794, 832.8253961302853]
[-728.4558994495379, 577.0928343343192]
[-18.40288746067256, -926.0748152782135]
[632.3779126387922, 634.2501080347411]
[-209.35171063543976, 94.37814308922907]
[586.9739605204513, 475.87618512015024]
[-950.8900685808942, 252.03990796124162]
[-531.0999491326163, 275.23845424470437]
[583.4116933797593, 956.0623821177983]
[-7.7550842046319985, -65.50717104929106]
[609.1973781149554, 249.23582541070232]
[-762.3368190371583, 933.6247683337815]
[-529.6934781563633, 408.7982149187401]
[708.0356786099478, 320.41585734684736]
[-741.2934967592098, 110.0872564233839]
[443.3952711853103, -323.8745731118588]
[984.531261421932, 488.21458922435295]
[-93.77307863163219, 148.98298813005044]
[799.8634701040362, -771.6529747438348]
[-509.27047744004733, 29.716663852129614]
[532.1283480940745, -891.0166391511663]
[-319.1270302650231, -59.42662200651114]
[693.7914425818149, -744.5139576397013]
[-408.7394563401058, -465.8489323983342]
[690.5150288558541, 300.8018195663003]
[489.19603611986395, 10.360948483557308]
[-753.5917321097901, 130.2207086111937]
[459.71963499706635, 971.2944843274161]
[-121.0103718115887, 766.4253826568865]
[379.31541905255744, -375.6254431751505]
[-92.99809456072705, 399.06175209388334]
[-837.1806182643809, 192.2439858686389]
[42.29065220964253, -321.90579275499056]
[691.6262339544271, 45.32800073613248]
[959.8224750871723, -43.16457933315394]
[20.12982198078828, -329.3748813173886]
[520.7944565021924, 460.5103794594845]
[-935.5405335748196, 961.3114309289344]
[-628.2638860522434, 796.5800933440023]
[97.89791723121652, -479.84676559545983]
[-252.8304651214744, -326.1857528378956]
[752.2121779448494, 319.7406762996784]
[-8.374742160942901, -458.8340817934809]
[-554.4477916142123, -256.31415581459896]
[-216.1177753732834, 932.4323995757072]
[505.06683804510476, 707.1646997183534]
[-77.795727807415, -454.5508518003494]
[816.1193085378345, 8.696979154439646]
[-43.878166667909, -368.7594581661232]
[799.7901091488025, -332.91866004605197]
[405.47647875556686, 528.7960676179262]
[-758.3836267225504, 725.1588747802334]
[-4.357496406752716, 429.02965163384533]
[551.0763580658513, -345.5913720096255]
[109.93373160089845, 266.9099970678535]
[-225.1239149994027, -233.19921195789084]
[763.1983070957128, -911.4926793843966]
[610.3564454377338, 615.2117916396503]
[-97.13381529075684, -816.8489473475398]
[724.0760281517821, -451.2040228199314]
[-63.180716310995194, -192.46345517406144]
[76.99506107755451, -526.3618733394524]
[-451.9991204305686, 949.0091732284081]
[-548.1924589872034, -195.7865783285406]
[411.96471578605224, 972.6404707469367]
[497.6634091347512, 75.8139889824854]
[656.2166456671234, 187.925816093064]
[486.19953601025327, 257.8001203482952]
[-852.1481591997538, -107.52843865171837]
[-259.625866838149, -419.2096478620672]
[551.9861051448283, -319.58597003724003]
[-442.6617251191901, 299.0540259051768]
[810.3176161572719, -365.5381122961056]
[-525.6124450196205, 154.96684415076174]
[-137.1035334831031, 938.3414143373247]
[426.6012322874865, -181.87882734303128]
[466.0018127928049, -415.42947524820283]
[448.63662241086604, -857.1874149011969]
[432.39497149120007, -867.1064454746679]
[749.9965082379197, -937.937541336473]
[-812.7572401532462, 616.969690177285]
[37.60068364191966, -801.0986969872893]
[-827.335902094495, 537.1471105695109]
[-35.39298220083515, -680.9344783856374]
[-545.0790531098471, -119.05078537584723]
[-898.7493743854513, 894.3201666568043]
[685.5491175110501, -370.3544646570018]
[358.2877898926281, 284.88018921901994]
[-29.632718395699044, -185.97648006954898]
[39.10345729378514, -47.767630580149444]
[671.7493224467119, -308.4579390439841]
[-365.1761222560965, 959.0455084628704]
[-782.8126655357389, 643.3512992356884]
[-521.1824381407794, 811.7210439187706]
[-278.21851953869725, -278.1995700951643]
[461.3124716772886, 266.16921501349884]
[-302.49710679116913, -231.11086229670354]
[902.1436015963402, 367.05716867863475]
[-878.6772003370797, 431.95022462519046]
[955.8191974813624, -460.5491964292073]
[935.3141602988005, -506.9150512558499]
[-373.5425581457914, -571.5221226754215]
[-976.4780134039082, 54.44705870076427]
[372.94608178027534, 4.004944037211089]
[676.6408300061148, 503.47195319095863]
[654.7244762418384, 983.3307489896054]
[670.0685248459445, 373.5513453058659]
[-3.7685929003793035, 379.459990982622]
[-346.106759550163, 865.5709799487317]
[-520.0574345045243, 680.5580511616536]
[-127.19103289881173, -327.53178448415895]
[148.71514696287363, 909.2402226937279]
[877.2587590384605, 319.8490936616663]
[-7.690127132691714, -907.5004193436711]
[554.3831873527904, -676.1456296169392]
[639.7009315883249, 359.5466818154655]
[445.7908432839099, -291.4642776589035]
[415.0389462365863, -725.8467204838661]
[675.3924026736411, 261.6001016191599]
[976.3664094922608, 663.5303055638838]
[449.70873394393516, 275.7174457861636]
[466.8609072348477, -300.76908747267373]
[571.4469394733508, 352.12830242983205]
[422.04088667423935, 304.0220675344326]
[702.1635381266622, -480.4407867053318]
[-998.7818022415474, 156.80157368540335]
[-326.7853225935926, -342.91797987948223]
[699.9013904268065, -326.67341179026425]
[750.6881006133642, -526.7026818995137]
[-358.603865216912, -597.5008217048429]
[956.6628773470375, -233.3492941089578]
[321.31560485474256, -800.8704626343754]
[558.7394848441809, 964.8549639452015]
[-579.5862123939842, -169.48984319993303]
[-401.59050679467396, 495.1396034350514]
[763.8370483641145, -786.7353481053594]
[703.5999415292965, -856.1339208058308]
[-206.86422483309877, 817.428274275778]
[-930.3332297659565, 330.7576626649086]
[731.9837257967322, -470.63784349238017]
[34.82738279616365, -806.4540558066903]
[853.0916276342869, 275.2019949965727]
[612.429255925493, -627.1259714673865]
[-669.6204517757781, 343.4265385853639]
[135.95192733961449, 498.2136764386255]
[-622.9832192630854, 854.4149949979026]
[98.35214414386041, -16.38260667557188]
[87.71926892166243, -870.7514196438777]
[425.4703377241765, -789.9114630617064]
[867.5124636696607, -362.7867956015832]
[-119.0053963984891, 815.869415949715]
[-79.72285120091578, -473.79738221460696]
[963.0150355420003, 927.2625987371553]
[-648.85447448879, 255.5266919797716]
[376.9883803235193, 258.5355116028568]
[426.326375886925, 249.36350890723952]
[51.90710462857237, -67.30377161631361]
[208.73704363673528, -752.2555307046432]
[217.0699729081798, -668.2640981248212]
[466.74153231678383, -447.7905402540139]
[-48.024357413314874, 640.1254740760264]
[-650.7032425605157, -1.4859863992627425]
[-313.6570226527025, -479.6701467483431]
[6.644149099151946, 913.2643406159264]
[-707.8335304287157, 953.1468393190596]
[-40.82020066619896, 640.2511091447152]
[727.0693473993092, -932.6054791619432]
[255.99501073467786, -494.1129322327431]
[-403.72436233361725, 843.7678809764916]
[208.25683917011975, 285.242059899015]
[-728.964497393951, 433.459168491667]
[-49.30587838262784, -729.5802587458949]
[-93.7011774032876, 11.796344663273885]
[-405.6188102717729, -308.7092873671364]
[145.08047223156495, -389.1268327564736]
[411.4886425848779, -680.443567912699]
[-670.4990257127683, -58.43486796534205]
[-877.1844993295738, 673.0797163913207]
[-311.6807895247722, 875.2586710916378]
[162.02985636017297, 224.03799361921347]
[-949.9424505027949, 922.9197545547393]
[-417.8654914612712, -320.197892536063]
[600.4309424164428, 668.0036758822716]
[659.8289535649722, -23.799957515089773]
[-31.104192930291447, 393.77578610643764]
[97.93097072635715, -907.2180261988343]
[-808.9710120900771, 924.3277624113844]
[-990.3766069998694, 107.10185401480999]
[-73.69199019431187, 395.7235066379965]
[335.4680896928103, -885.3169464665202]
[-138.7294680585287, -608.1251849325158]
[-439.9038097640132, -30.838165098956665]
[180.43405922605803, 952.4383721653439]
[757.2557129366787, 889.2936511452929]
[559.1493522884903, 297.8334275698403]
[907.9896224998797, -307.9167634223438]
[300.74128204297494, -951.9693577968679]
[949.1590344390972, -341.16987114355493]
[-411.3595105738, 771.9512486716515]
[-430.7491042127782, 351.3220176150169]
[369.5220539957488, -237.6024653552646]
[-416.6232460149363, 897.2018789161966]
[-65.48843987900443, 629.1628642728901]
[370.1297396113289, -821.3824622158861]
[94.28337168692701, -941.2698980302498]
[626.3610473318236, 89.33767032603532]
[-51.426280116975136, 153.79047081002182]
[-105.57903634960837, 617.9207206415238]
[-826.8161317171474, 297.3277298433786]
[660.2393045256267, 510.03865692404725]
[265.3790604225717, 910.3688998987509]
[-543.7097179490719, 932.7540339260327]
[665.1821344808902, -62.35297988573075]
[63.39788784027496, -954.7354260742551]
[116.44515749800621, 200.0392371344044]
[-595.8766235079568, -51.590728389265564]
[-533.6473653881881, 577.0902929574322]
[687.3042004191398, 604.6206423021179]
[-591.8422485521409, 137.84132613588622]
[-376.9969194849414, 142.4371502413503]
[873.2664462728428, 620.0695621247621]
[330.593037674633, 982.9280578230173]
[144.6905383362871, 306.63304454641457]
[216.94825868212365, 277.6296883814973]
[364.3053382152523, 807.0867261518661]
[-102.15274050185883, 740.4458581094912]
[-522.765478800502, -205.23597571423807]
[-305.56828968519073, 190.683666256778]
[687.6638521443924, 775.5035852146555]
[526.9174386523068, 250.9665628254602]
[-398.20422865249054, 463.2987852029448]
[100.25370380798063, 917.2558045425028]
[604.563552935284, -558.8575296444146]
[-565.8973416648589, 539.5937985720905]
[-637.8886357765367, 416.9537749626388]
[-58.914297849200466, -144.09171119111238]
[717.4629446643921, -569.6986335575127]
[-240.08413609657873, -230.16378537589674]
[709.3514091474012, 563.7296288030666]
[-778.0304440429763, 892.9881820016253]
[168.47794466938194, 189.00284684514781]
[365.03035187920614, -519.5678303074681]
[790.218760517985, -323.1288897081306]
[190.78732153468786, -124.37650925717708]
[-592.8708876796377, -44.494696172192334]
[488.33386061734404, -296.2927082180686]
[-454.4011478693893, -74.79573162144948]
[-293.6541526947324, -502.0293572939817]
[858.9676902838617, -681.7635616730756]
[-74.72045247324513, -778.0468543867054]
[538.914657735331, -239.00401444117358]
[-164.46130764520626, -311.76097207128976]
[-349.2353989728241, -351.24224618316555]
[416.29164682175815, -676.7083441789]
[655.9756458628926, 944.9858936818482]
[605.9133634185223, -399.5156205965566]
[-404.50838297657833, 969.2986034511327]
[455.0651780648816, 341.5311837622976]
[389.4543720566594, 265.4158695898127]
[292.49903321266106, 105.50199583671474]
[-585.8446032288389, 344.1170985050344]
[-312.02573007314527, 818.663489749159]
[498.95897503377364, -323.8210764808142]
[-324.8748331385548, 149.00799924868124]
[317.4806982878049, 325.38062489617505]
[-576.9048410729408, 60.18992799385751]
[-347.4567813635123, -22.65416832678261]
[-330.1929346856848, 140.83872611861557]
[638.4569857279043, 445.4895232711608]
[659.0548373402871, -708.9157911583588]
[13.471787670195113, -9.43332913328993]
[-270.48132358621217, -532.4625669396107]
[679.9415881556183, -253.10410256523278]
[552.0018096231759, 769.8978872398375]
[725.966770004846, 378.0908180461313]
[-658.5073413358887, 815.2211451829107]
[75.61967666898954, -692.3606868527156]
[-399.6407026831039, 264.28729454015615]
[854.5102647173494, 482.79674822142874]
[507.5834750258373, -638.9179429717412]
[400.8233610260718, -243.70137307482844]
[676.6854440360612, 823.3643200068063]
[-25.136023857994587, 160.76739740555263]
[-159.81303436028554, 449.43686352147097]
[-652.7687012489231, 848.1916862749802]
[-142.29781135722294, -415.9596899214248]
[-268.9788363219029, -658.3772325391576]
[-963.8054599144467, 299.78155526309047]
[-569.1660592796768, 539.1219235878325]
[-834.6408391631627, 903.5241461773169]
[-695.9944628257693, 480.0375589805474]
[36.70262723396672, -996.0847432986823]
[329.20493061526804, -312.02791104364906]
[257.2177631656118, 518.5802837202284]
[659.1568731324976, 244.5703161299491]
[964.1066762727539, -311.9177945057646]
[257.8421136136433, -326.24425777109366]
[-526.0984144074333, 165.17419114758877]
[774.2083468188989, 975.3199209258896]
[902.1885674715238, -283.51898604804194]
[983.5316982198713, 769.8449517975791]
[687.2535782410212, 654.9749739760225]
[-666.7835492506846, 480.4066283447505]
[-237.7089623561526, 345.0732486972727]
[730.3736750315352, -619.2853871522236]
[863.0032934996691, -319.20160282544225]
[886.8947883091894, -109.62741891986173]
[-992.5265034924299, 278.0137958468599]
[-133.3960564121959, -488.89038495345505]
[646.9290611394927, -915.1274499547416]
[-499.5227132538021, 537.144026406128]
[634.8701963904023, 402.3497384771174]
[797.0958209786238, -822.6017530224924]
[804.4233073349972, 944.9111872138801]
[100.03336291354981, 893.5279859415084]
[407.6011226758276, -637.2159850968081]
[833.4211657606922, 103.1634386391695]
[-93.13106778816245, -315.980545380673]
[-161.96743863599715, -430.4766765336707]
[425.91569073316305, 50.62939979931389]
[924.9051987775592, -321.3618160411386]
[630.8826046967481, -435.5986711296101]
[528.283027216386, -0.9655922566148547]
[909.3174198273912, 330.3259127683373]
[59.76865956502252, -871.7810161244132]
[-112.03375511411048, 321.25287088384243]
[-102.5168184341801, 261.38623788790574]
[610.0306468140554, -932.193315748863]
[-322.2583080188408, -41.22910205449921]
[-149.2447427673494, 472.345249526574]
[274.4536425059018, 986.1606886815132]
[-1.8979188850818218, 212.3908613716983]
[652.717266944931, 784.471058752013]
[-581.3026651691432, 925.9983780228433]
[657.2513539927106, 447.7868706680565]
[-350.7685957723205, -612.1401184545148]
[191.20010880712493, -845.2851251223408]
[913.95055889841, 57.33274082197022]
[613.6596143933912, -381.10948411038555]
[958.962143915028, -823.7074184668963]
[48.14174874620085, 254.1506405597181]
[-847.7804892714262, 946.4538367280559]
[712.4680184086781, 666.9879028514249]
[-693.2920599703161, 635.6871428903276]
[132.14228205252584, -374.27915001455847]
[-612.2398315232018, 920.6853916141993]
[613.6627047674137, -897.3216497682482]
[-285.06736101044703, 848.1489902953033]
[-60.785005566324, -567.2634723488404]
[684.5840738389695, 255.37140312052497]
[-469.46939965010563, 594.2616826547076]
[301.7732145677069, -331.75018201063926]
[-162.54063939724608, -263.2980755329784]
[829.7503898920427, -424.60664548546913]
[-444.85779849617643, 853.1412651731662]
[-177.89333412734038, 897.9750360753596]
[12.255942517518179, -738.8241960303767]
[-25.10736636468448, -551.3058887177231]
[614.5410667344859, 58.62255065850127]
[-552.5695809021488, 531.718849464864]
[90.38154145393878, -959.1522382149941]
[-733.9515537704679, 792.9188281911852]
[339.5324861128661, 360.40884036096986]
[756.2937374155742, 320.69309956771235]
[828.8865720361205, -566.3573615051797]
[850.4960829601771, 285.97950134250755]
[-284.3111075787375, -558.7907320694776]
[-38.79893393570774, -690.6131945522723]
[665.6731270243968, 18.09701275649718]
[519.3714657466055, -629.0967147591412]
[-11.753851132065392, -160.7631189912588]
[-294.5899813563966, 367.5210138573509]
[650.5493957477754, 315.5876783618173]
[191.59735160897435, 148.8747879224427]
[323.31880781576797, -592.8804679252903]
[-146.64835385154822, 937.4019169344758]
[822.4141175055363, -385.85462678647116]
[-63.96627013547777, -66.54347927529034]
[639.3582122941116, -570.0802416698905]
[613.7525730625737, -724.6260357800403]
[-97.57348036594544, -831.4286484800399]
[-826.5582727091103, 943.8450818441875]
[-169.18741051871564, -376.92977076052125]
[-439.02520507446616, -450.6109984559363]
[377.03507928737713, -418.17114014855974]
[631.1829094747852, 223.475597145115]
[657.1932407261304, 915.068787568782]
[-26.09956782016934, -930.4139092586327]
[-753.2911148323443, 130.74819560290666]
[787.0194062130856, 37.54433055624395]
[-594.8859925029903, -202.33873954588125]
[-559.5854120805288, -232.61522728920238]
[-711.4967469567116, 140.59138018867588]
[-288.67965767178293, 257.97498978517797]
[-437.8656859547758, -70.35057021057958]
[-0.8778788841335654, -207.1404952631815]
[633.1919553384885, 84.75186925233265]
[-59.955901737744284, 274.53147817399895]
[-196.39812649738712, -884.3382569632435]
[-779.1819667094479, 734.0845517749817]
[-875.0181494312557, 950.4778343241587]
[836.7691801312926, -805.6118376903651]
[745.8633399373834, -976.0008947270344]
[-401.64725339823656, 199.672517232141]
[571.6821396973708, -896.1699236007419]
[512.3827907496975, -473.88450414541217]
[147.70744880094776, -719.7375894700476]
[686.1771548111328, 329.33082186055617]
[141.9333803021052, 918.6817677512702]
[-167.79355364645266, 336.25878526732595]
[665.2861903182938, 599.0761939226852]
[-70.57940833631199, 296.5996505091]
[-49.8936016056158, -704.9802923374796]
[419.17151680623715, -624.685486459762]
[-93.1754453526537, -117.20441646182064]
[555.8669873863046, -579.537081380942]
[-354.62542810045113, 987.6768286573242]
[-84.8109072039789, -523.688888713121]
[-34.86187757812331, -401.4754711565241]
[-2.833693179549641, 382.0742911886791]
[-57.72446082733279, -742.7104981842876]
[739.0228304427656, -359.0262122584761]
[-447.36432230586206, -156.24648625262955]
[387.14480261112703, 377.4515636225799]
[-76.97434855473227, 37.09419027217132]
[696.7101303078209, 640.7664852841356]
[309.02688544747343, -912.5763181599102]
[-397.96275759877324, 224.21499931181916]
[-851.4063126535905, 497.9342785398717]
[-803.2570807100889, 20.22271172275134]
[615.734240610903, -889.9918680936504]
[211.90195862203905, 696.3826377610771]
[-250.51027007228106, 876.5980232778652]
[-44.251395855774035, -361.4517529559653]
[531.458676300992, -771.9017447713866]
[-252.8952288569593, 920.2103199658279]
[492.7533309371852, 84.96076247701035]
[6.935022179615316, -470.9725748971666]
[790.4975935211025, 643.7054756308223]
[399.1111410510714, -691.7086626415396]
[-432.31207329912775, 264.91071154688007]
[-543.7915770126444, 218.9657930860169]
[-123.59812830829912, 319.29432970310654]
[311.67966687885337, -935.4015600521121]
[961.2287682487893, 659.8332801056381]
[118.42152074539831, -340.8821469846939]
[-25.153270483000938, -546.9258163201674]
[724.9184582583446, 652.6987082342505]
[261.7798185243457, -371.53368470724786]
[643.9179842194217, 575.2629252855552]
[943.2769943726717, 460.9142173220912]
[442.26535192329493, -798.2334924400589]
[-812.7803307230322, -56.81681710441626]
[-71.79311201631731, 508.7187409167957]
[-66.58324275328562, 950.4553954409716]
[-791.492105058647, 528.0829639239553]
[763.0900130365412, -429.42019583374656]
[316.94239759185166, 127.0647975696213]
[-107.59391875045185, -315.60500290089885]
[-849.3032410208073, 594.602726661398]
[-169.64793707231559, 266.9638994961838]
[-223.34043750211356, -474.2584808981002]
[-508.028886827782, -30.574131243237275]
[752.0736395590629, -962.7584278126695]
